group	node	label	row.number
1	6	Akha	33
1	6	Akha	410
2	7	Akha	85
2	7	Akha	414
3	8	Akha	596
3	8	Akha	772
4	16	Akha	575
4	16	Akha	1057
5	20	Lahu	572
5	20	Thai	578
5	20	Burmese	587
5	20	Lahu	602
5	20	Thai	629
5	20	Lahu	634
5	20	Lahu	637
5	20	Lahu	650
5	20	Lahu	653
5	20	Lahu	658
5	20	Lahu	663
5	20	Lahu	666
5	20	Lahu	669
5	20	missing	678
5	20	Khmu	687
5	20	Chinese	722
5	20	Lahu	730
5	20	Lahu	735
5	20	missing	740
5	20	Lahu	742
5	20	Lahu	744
5	20	Lahu	753
5	20	Lahu	757
5	20	Lahu	763
5	20	Lahu	777
5	20	Lahu	778
5	20	Akha	788
5	20	Hmong	789
5	20	Lahu	792
5	20	Lahu	848
5	20	Lahu	872
5	20	Lahu	881
5	20	Lahu	891
5	20	Khmu	912
5	20	Lahu	923
5	20	Thai	943
5	20	Akha	962
5	20	Lahu	993
5	20	Lahu	995
5	20	Lahu	1040
5	20	Akha	1048
5	20	Lahu	1068
6	21	missing	831
6	21	Thai	1054
7	22	Lahu	709
7	22	Lahu	1067
8	23	Hmong	21
8	23	Hmong	171
8	23	Hmong	257
8	23	Hmong	294
8	23	Hmong	384
8	23	Hmong	470
8	23	Hmong	499
8	23	Hmong	682
8	23	Hmong	974
8	23	Hmong	1015
8	23	Thai	1262
9	24	Akha	23
9	24	Lahu	821
9	24	Lahu	867
10	26	Lahu	64
10	26	Lahu	206
11	27	Thai	2
11	27	Thai	3
11	27	Thai	5
11	27	Thai	6
11	27	Thai	10
11	27	Thai	11
11	27	Thai	15
11	27	Thai	18
11	27	Thai	20
11	27	Thai	22
11	27	Thai	24
11	27	Thai	27
11	27	Thai	28
11	27	Thai	29
11	27	Thai	32
11	27	Thai	35
11	27	Thai	36
11	27	Thai	37
11	27	Thai	38
11	27	Thai	39
11	27	Thai	40
11	27	Thai	42
11	27	Thai	43
11	27	Thai	48
11	27	Thai	50
11	27	Thai	52
11	27	Thai	54
11	27	Thai	56
11	27	Thai	58
11	27	Thai	59
11	27	Thai	61
11	27	Thai	65
11	27	Thai	66
11	27	Thai	67
11	27	Thai	68
11	27	Thai	69
11	27	Thai	70
11	27	Thai	71
11	27	Thai	72
11	27	Thai	74
11	27	Thai	76
11	27	Thai	77
11	27	Thai	78
11	27	Thai	79
11	27	Thai	87
11	27	Thai	89
11	27	Thai	90
11	27	Thai	91
11	27	Thai	93
11	27	Thai	94
11	27	Thai	97
11	27	Thai	98
11	27	Thai	99
11	27	Thai	101
11	27	Thai	102
11	27	Thai	106
11	27	TaiLue_TaiYai	109
11	27	Thai	111
11	27	Thai	113
11	27	Thai	115
11	27	Thai	116
11	27	Thai	117
11	27	Thai	120
11	27	Thai	122
11	27	Thai	123
11	27	Thai	124
11	27	Thai	126
11	27	Thai	127
11	27	Thai	128
11	27	Thai	129
11	27	Thai	132
11	27	Thai	134
11	27	Thai	137
11	27	Thai	138
11	27	Thai	139
11	27	Thai	140
11	27	Thai	141
11	27	Thai	142
11	27	Thai	144
11	27	Thai	146
11	27	Thai	147
11	27	Thai	148
11	27	Thai	149
11	27	Thai	150
11	27	Thai	153
11	27	Thai	154
11	27	Thai	158
11	27	Thai	159
11	27	Thai	160
11	27	Thai	161
11	27	Thai	164
11	27	Thai	165
11	27	Thai	166
11	27	Thai	167
11	27	Thai	168
11	27	Thai	170
11	27	Thai	172
11	27	Thai	173
11	27	Thai	175
11	27	Thai	176
11	27	Thai	177
11	27	Thai	179
11	27	Thai	181
11	27	Thai	184
11	27	Thai	186
11	27	Thai	187
11	27	Thai	189
11	27	Thai	192
11	27	Thai	193
11	27	Thai	196
11	27	Thai	200
11	27	Thai	201
11	27	Thai	207
11	27	Thai	208
11	27	Thai	209
11	27	Thai	210
11	27	Thai	211
11	27	Thai	218
11	27	Thai	220
11	27	Thai	221
11	27	Thai	222
11	27	Thai	224
11	27	Thai	225
11	27	Thai	226
11	27	Burmese	227
11	27	Thai	228
11	27	Thai	229
11	27	Thai	232
11	27	Thai	233
11	27	TaiLue_TaiYai	235
11	27	Thai	236
11	27	Thai	237
11	27	Thai	239
11	27	Thai	240
11	27	Thai	243
11	27	Thai	244
11	27	Thai	245
11	27	Thai	249
11	27	Thai	250
11	27	Thai	253
11	27	Thai	255
11	27	Thai	256
11	27	Thai	258
11	27	Thai	259
11	27	Thai	260
11	27	Thai	261
11	27	Thai	263
11	27	Thai	265
11	27	Thai	266
11	27	Thai	270
11	27	Thai	271
11	27	Thai	275
11	27	Thai	277
11	27	Thai	279
11	27	Thai	280
11	27	Thai	281
11	27	Thai	285
11	27	Thai	289
11	27	Thai	290
11	27	Thai	291
11	27	Thai	293
11	27	Thai	295
11	27	Thai	297
11	27	Thai	298
11	27	Thai	299
11	27	Thai	301
11	27	Thai	302
11	27	Thai	303
11	27	Thai	304
11	27	Thai	305
11	27	Thai	309
11	27	Thai	313
11	27	Thai	314
11	27	Thai	315
11	27	Thai	316
11	27	Thai	317
11	27	Thai	318
11	27	Thai	321
11	27	Thai	322
11	27	Thai	324
11	27	Thai	325
11	27	Thai	328
11	27	Thai	329
11	27	Thai	331
11	27	Thai	332
11	27	Thai	333
11	27	Thai	334
11	27	TaiLue_TaiYai	337
11	27	Thai	340
11	27	Thai	341
11	27	Thai	342
11	27	Thai	344
11	27	Thai	345
11	27	Thai	348
11	27	Thai	352
11	27	Thai	353
11	27	Thai	354
11	27	Thai	355
11	27	Thai	356
11	27	Thai	357
11	27	Thai	359
11	27	Thai	360
11	27	Thai	361
11	27	TaiLue_TaiYai	365
11	27	Thai	366
11	27	Thai	367
11	27	Thai	368
11	27	Thai	369
11	27	Thai	371
11	27	Thai	375
11	27	Thai	377
11	27	Thai	378
11	27	Thai	379
11	27	Thai	381
11	27	Thai	382
11	27	Thai	385
11	27	Thai	387
11	27	Thai	390
11	27	Thai	391
11	27	Thai	393
11	27	Thai	396
11	27	Thai	398
11	27	Thai	399
11	27	Thai	400
11	27	Thai	402
11	27	Thai	403
11	27	Thai	404
11	27	TaiLue_TaiYai	408
11	27	Thai	409
11	27	Thai	411
11	27	Thai	412
11	27	Thai	413
11	27	Thai	415
11	27	Thai	417
11	27	Thai	418
11	27	Thai	420
11	27	Thai	424
11	27	Thai	425
11	27	Thai	427
11	27	Thai	430
11	27	Thai	432
11	27	Thai	435
11	27	Thai	437
11	27	Thai	438
11	27	Thai	439
11	27	Thai	441
11	27	Thai	442
11	27	Thai	445
11	27	Thai	446
11	27	Thai	447
11	27	Thai	449
11	27	TaiLue_TaiYai	451
11	27	Thai	452
11	27	Thai	453
11	27	Thai	454
11	27	Thai	455
11	27	TaiLue_TaiYai	456
11	27	Thai	457
11	27	Thai	459
11	27	Thai	461
11	27	Thai	464
11	27	Thai	465
11	27	Thai	468
11	27	Thai	469
11	27	Thai	471
11	27	Thai	474
11	27	Thai	475
11	27	Thai	480
11	27	Thai	481
11	27	Thai	487
11	27	Thai	489
11	27	Thai	491
11	27	Thai	493
11	27	Thai	494
11	27	Thai	495
11	27	Thai	496
11	27	Thai	500
11	27	Thai	504
11	27	Thai	505
11	27	Thai	506
11	27	Thai	508
11	27	Thai	509
11	27	Thai	510
11	27	Thai	511
11	27	Thai	513
11	27	Thai	516
11	27	Thai	519
11	27	Thai	522
11	27	Thai	523
11	27	TaiLue_TaiYai	528
11	27	Thai	529
11	27	Thai	530
11	27	Thai	533
11	27	Thai	535
11	27	Thai	536
11	27	TaiLue_TaiYai	539
11	27	Thai	540
11	27	Thai	541
11	27	Thai	542
11	27	Thai	544
11	27	Thai	548
11	27	Thai	549
11	27	Thai	550
11	27	Thai	551
11	27	TaiLue_TaiYai	555
11	27	Thai	556
11	27	Thai	559
11	27	Thai	560
11	27	Thai	563
11	27	Chinese	566
11	27	Thai	567
11	27	Thai	568
11	27	Yao	569
11	27	Thai	570
11	27	Thai	571
11	27	Thai	574
11	27	Thai	577
11	27	Thai	579
11	27	Thai	582
11	27	Thai	585
11	27	Thai	589
11	27	Thai	591
11	27	Thai	593
11	27	Thai	599
11	27	Thai	601
11	27	Burmese	603
11	27	Thai	604
11	27	Thai	606
11	27	Thai	607
11	27	Thai	609
11	27	Thai	610
11	27	Thai	611
11	27	TaiLue	614
11	27	Thai	622
11	27	Thai	624
11	27	Thai	627
11	27	Thai	630
11	27	Thai	632
11	27	Thai	635
11	27	Thai	638
11	27	Thai	639
11	27	Thai	642
11	27	Thai	643
11	27	Thai	644
11	27	Thai	646
11	27	Thai	649
11	27	TaiLue	652
11	27	Thai	656
11	27	Thai	659
11	27	Thai	661
11	27	Thai	670
11	27	Thai	671
11	27	TaiLue	672
11	27	Thai	673
11	27	Thai	674
11	27	Thai	680
11	27	Akha	681
11	27	Thai	683
11	27	Thai	684
11	27	Thai	689
11	27	Thai	690
11	27	TaiLue	692
11	27	Thai	696
11	27	Thai	702
11	27	Thai	708
11	27	Thai	712
11	27	Thai	715
11	27	Thai	721
11	27	Burmese	729
11	27	Thai	732
11	27	Thai	733
11	27	Thai	756
11	27	Thai	761
11	27	Thai	764
11	27	Thai	767
11	27	Thai	771
11	27	Thai	776
11	27	Akha	785
11	27	Akha	787
11	27	Lahu	790
11	27	Thai	791
11	27	Thai	794
11	27	Thai	796
11	27	Thai	797
11	27	Thai	798
11	27	Thai	799
11	27	Thai	801
11	27	Thai	803
11	27	Thai	806
11	27	Thai	808
11	27	Thai	809
11	27	Thai	811
11	27	Thai	812
11	27	Thai	815
11	27	Thai	816
11	27	Thai	820
11	27	Thai	822
11	27	Thai	824
11	27	Thai	825
11	27	Thai	826
11	27	Thai	828
11	27	Thai	829
11	27	Lao	830
11	27	Thai	838
11	27	Thai	840
11	27	Thai	841
11	27	Burmese	842
11	27	Thai	846
11	27	Thai	847
11	27	Thai	851
11	27	Thai	852
11	27	Thai	853
11	27	Thai	860
11	27	Thai	861
11	27	Thai	863
11	27	Thai	870
11	27	Thai	871
11	27	Thai	876
11	27	Burmese	880
11	27	TaiLue	889
11	27	Thai	892
11	27	Thai	893
11	27	Thai	896
11	27	Thai	897
11	27	Thai	898
11	27	Thai	899
11	27	Thai	900
11	27	Thai	903
11	27	Thai	907
11	27	Thai	909
11	27	Thai	910
11	27	Thai	913
11	27	Thai	916
11	27	Thai	917
11	27	Thai	918
11	27	Thai	920
11	27	Thai	921
11	27	Thai	922
11	27	Thai	928
11	27	Thai	930
11	27	Thai	931
11	27	Thai	932
11	27	Thai	933
11	27	Thai	935
11	27	Thai	936
11	27	Thai	937
11	27	Thai	939
11	27	Thai	950
11	27	Thai	951
11	27	Thai	953
11	27	Thai	954
11	27	Thai	959
11	27	TaiLue	960
11	27	Thai	963
11	27	Thai	964
11	27	Thai	965
11	27	Thai	966
11	27	Thai	968
11	27	Thai	969
11	27	Thai	970
11	27	Thai	975
11	27	Thai	976
11	27	Thai	977
11	27	Thai	979
11	27	Thai	980
11	27	TaiLue	981
11	27	Burmese	982
11	27	Thai	984
11	27	Thai	985
11	27	Thai	991
11	27	Thai	992
11	27	Thai	994
11	27	Thai	996
11	27	Thai	997
11	27	Thai	998
11	27	Thai	999
11	27	Thai	1000
11	27	Thai	1001
11	27	Thai	1002
11	27	TaiLue	1004
11	27	Thai	1005
11	27	Thai	1007
11	27	Thai	1008
11	27	Thai	1010
11	27	Burmese	1012
11	27	TaiLue	1014
11	27	Thai	1017
11	27	Thai	1019
11	27	Thai	1020
11	27	Thai	1021
11	27	Thai	1023
11	27	Thai	1024
11	27	Thai	1025
11	27	Thai	1027
11	27	Thai	1028
11	27	Thai	1029
11	27	Thai	1030
11	27	Thai	1031
11	27	Thai	1032
11	27	Thai	1035
11	27	Thai	1036
11	27	Thai	1042
11	27	Thai	1045
11	27	Thai	1050
11	27	Thai	1052
11	27	Thai	1053
11	27	Thai	1055
11	27	Thai	1056
11	27	Thai	1061
11	27	Thai	1066
11	27	Thai	1069
11	27	Thai	1070
11	27	Thai	1071
11	27	Thai	1072
11	27	Thai	1073
11	27	Thai	1074
11	27	Thai	1075
11	27	Thai	1077
11	27	Thai	1079
11	27	Thai	1080
11	27	Thai	1084
11	27	Thai	1085
11	27	Thai	1086
11	27	Thai	1087
11	27	Thai	1088
11	27	Thai	1089
11	27	Thai	1090
11	27	Thai	1091
11	27	Thai	1092
11	27	Thai	1093
11	27	Thai	1095
11	27	TaiLue	1099
11	27	Thai	1100
11	27	Thai	1101
11	27	Thai	1104
11	27	Thai	1107
11	27	Thai	1108
11	27	Thai	1109
11	27	Thai	1110
11	27	Thai	1111
11	27	Thai	1115
11	27	Thai	1116
11	27	Thai	1117
11	27	Thai	1118
11	27	Thai	1120
11	27	Thai	1123
11	27	Thai	1125
11	27	Thai	1126
11	27	Thai	1127
11	27	Thai	1128
11	27	Thai	1130
11	27	TaiLue	1133
11	27	Thai	1134
11	27	Thai	1135
11	27	Thai	1137
11	27	Thai	1138
11	27	Thai	1140
11	27	Thai	1141
11	27	Thai	1143
11	27	Thai	1144
11	27	Thai	1146
11	27	Thai	1148
11	27	TaiLue	1149
11	27	Thai	1150
11	27	Thai	1151
11	27	Thai	1152
11	27	Thai	1154
11	27	Thai	1155
11	27	Thai	1156
11	27	Thai	1157
11	27	Thai	1160
11	27	Thai	1161
11	27	Thai	1162
11	27	Thai	1163
11	27	Thai	1164
11	27	Thai	1165
11	27	Thai	1166
11	27	Thai	1167
11	27	Thai	1168
11	27	Thai	1169
11	27	Thai	1170
11	27	Thai	1171
11	27	Thai	1172
11	27	Thai	1173
11	27	Thai	1174
11	27	Thai	1175
11	27	Thai	1176
11	27	TaiLue	1177
11	27	Thai	1179
11	27	Thai	1180
11	27	Thai	1185
11	27	Thai	1186
11	27	Thai	1188
11	27	Thai	1189
11	27	Thai	1190
11	27	Thai	1191
11	27	Thai	1194
11	27	Thai	1196
11	27	Thai	1198
11	27	Thai	1199
11	27	Thai	1201
11	27	Thai	1202
11	27	Thai	1203
11	27	Thai	1204
11	27	Thai	1205
11	27	Thai	1206
11	27	Thai	1207
11	27	Thai	1208
11	27	Thai	1209
11	27	Thai	1210
11	27	Thai	1211
11	27	Thai	1212
11	27	Thai	1213
11	27	Thai	1214
11	27	Thai	1216
11	27	Thai	1217
11	27	Thai	1219
11	27	Thai	1221
11	27	Thai	1225
11	27	Thai	1226
11	27	Thai	1227
11	27	Thai	1228
11	27	Thai	1229
11	27	Thai	1231
11	27	TaiLue	1232
11	27	Thai	1234
11	27	Thai	1235
11	27	Thai	1238
11	27	Thai	1240
11	27	Thai	1242
11	27	Thai	1243
11	27	Thai	1245
11	27	Thai	1247
11	27	Thai	1248
11	27	Thai	1249
11	27	Thai	1252
11	27	Thai	1253
11	27	Thai	1256
11	27	Thai	1259
11	27	Burmese	1261
11	27	Thai	1263
11	27	Thai	1265
11	27	Thai	1266
11	27	Thai	1267
11	27	Thai	1268
11	27	Thai	1269
11	27	TaiLue	1270
11	27	Thai	1271
11	27	Thai	1273
11	27	Thai	1274
11	27	Thai	1275
11	27	Thai	1276
11	27	Thai	1278
11	27	Thai	1279
11	27	Thai	1280
11	27	Thai	1281
11	27	Thai	1283
11	27	Thai	1284
11	27	Thai	1285
11	27	Thai	1286
11	27	Thai	1289
11	27	Thai	1290
11	27	Thai	1291
11	27	Thai	1292
11	27	Thai	1293
12	28	Thai	647
12	28	Thai	805
13	29	Thai	14
13	29	Thai	25
13	29	Thai	41
13	29	Thai	49
13	29	Thai	51
13	29	Thai	60
13	29	Thai	80
13	29	Thai	86
13	29	Thai	88
13	29	Thai	96
13	29	Thai	103
13	29	Thai	104
13	29	Thai	105
13	29	Thai	114
13	29	Thai	118
13	29	Thai	136
13	29	Thai	151
13	29	Thai	152
13	29	Thai	155
13	29	Thai	157
13	29	Thai	188
13	29	Thai	197
13	29	Thai	216
13	29	Thai	219
13	29	Thai	223
13	29	Thai	238
13	29	Thai	252
13	29	Thai	262
13	29	Thai	273
13	29	Thai	278
13	29	Thai	286
13	29	Thai	292
13	29	Thai	296
13	29	Thai	300
13	29	Thai	312
13	29	Thai	326
13	29	Thai	358
13	29	Thai	363
13	29	Thai	364
13	29	Thai	370
13	29	Thai	374
13	29	Thai	380
13	29	Thai	383
13	29	Thai	405
13	29	Thai	416
13	29	Thai	422
13	29	Thai	434
13	29	Thai	458
13	29	Thai	463
13	29	Thai	466
13	29	Thai	467
13	29	Thai	472
13	29	Thai	473
13	29	Thai	497
13	29	Thai	501
13	29	Thai	515
13	29	Thai	518
13	29	Thai	543
13	29	Thai	547
13	29	Akha	583
13	29	Thai	592
13	29	Thai	707
13	29	Thai	716
13	29	Thai	727
13	29	Thai	731
13	29	Thai	741
13	29	Thai	760
13	29	Thai	762
13	29	Thai	770
13	29	Lao	823
13	29	Thai	854
13	29	Burmese	857
13	29	Thai	858
13	29	Thai	904
13	29	Thai	938
13	29	Thai	949
13	29	Thai	961
13	29	Thai	967
13	29	Thai	988
13	29	Thai	1022
13	29	Thai	1037
13	29	TaiLue	1038
13	29	Thai	1049
13	29	Thai	1059
13	29	Thai	1060
13	29	Thai	1094
13	29	Thai	1096
13	29	Thai	1097
13	29	Thai	1102
13	29	Thai	1105
13	29	Thai	1114
13	29	Thai	1122
13	29	Thai	1131
13	29	Thai	1145
13	29	Thai	1159
13	29	Thai	1178
13	29	Thai	1181
13	29	Thai	1183
13	29	Thai	1200
13	29	Thai	1220
13	29	Thai	1223
13	29	Thai	1237
13	29	Thai	1258
13	29	Thai	1260
13	29	Thai	1264
13	29	Thai	1282
13	29	Thai	1287
13	29	Thai	1288
14	30	Thai	431
14	30	Thai	1112
15	31	Thai	202
15	31	Thai	241
16	32	Thai	4
16	32	Thai	9
16	32	Thai	19
16	32	Thai	26
16	32	Thai	34
16	32	Thai	44
16	32	Thai	47
16	32	Thai	53
16	32	Thai	57
16	32	TaiLue_TaiYai	63
16	32	Thai	75
16	32	Thai	92
16	32	Thai	95
16	32	Thai	100
16	32	Thai	110
16	32	Thai	119
16	32	Thai	135
16	32	Thai	143
16	32	Thai	156
16	32	Thai	169
16	32	Thai	191
16	32	Thai	194
16	32	Thai	215
16	32	Thai	234
16	32	Thai	264
16	32	Thai	269
16	32	Thai	287
16	32	Thai	288
16	32	Thai	306
16	32	Thai	311
16	32	Thai	319
16	32	Thai	320
16	32	Thai	339
16	32	Thai	343
16	32	Thai	349
16	32	Thai	351
16	32	TaiLue_TaiYai	372
16	32	Thai	373
16	32	Thai	389
16	32	Thai	423
16	32	Thai	426
16	32	Thai	429
16	32	Thai	444
16	32	Thai	448
16	32	Thai	450
16	32	Thai	476
16	32	TaiLue_TaiYai	479
16	32	Thai	498
16	32	Thai	502
16	32	Thai	503
16	32	Thai	507
16	32	Thai	520
16	32	Thai	531
16	32	Thai	537
16	32	Thai	557
16	32	Thai	562
16	32	Thai	580
16	32	Thai	588
16	32	Burmese	608
16	32	Thai	618
16	32	Thai	621
16	32	Thai	623
16	32	Thai	625
16	32	Thai	636
16	32	Thai	641
16	32	Thai	645
16	32	Thai	657
16	32	Thai	665
16	32	Yao	717
16	32	Thai	718
16	32	Thai	720
16	32	Thai	752
16	32	Thai	773
16	32	missing	836
16	32	Thai	843
16	32	Thai	856
16	32	Thai	864
16	32	Yao	878
16	32	Thai	882
16	32	Akha	884
16	32	Thai	886
16	32	Thai	887
16	32	Thai	905
16	32	Thai	914
16	32	Thai	919
16	32	Thai	925
16	32	Burmese	934
16	32	Thai	942
16	32	missing	947
16	32	Thai	956
16	32	Thai	957
16	32	Thai	972
16	32	Lahu	983
16	32	Thai	987
16	32	Burmese	1009
16	32	Thai	1034
16	32	Thai	1051
16	32	Thai	1064
16	32	Thai	1076
16	32	Thai	1081
16	32	Thai	1082
16	32	Thai	1098
16	32	Thai	1103
16	32	Thai	1106
16	32	Thai	1119
16	32	Thai	1132
16	32	Thai	1136
16	32	Yao	1139
16	32	Thai	1147
16	32	Thai	1153
16	32	Thai	1182
16	32	Thai	1187
16	32	Thai	1192
16	32	Thai	1193
16	32	Thai	1195
16	32	Thai	1218
16	32	Thai	1230
16	32	Thai	1233
16	32	Thai	1236
16	32	Thai	1241
16	32	Thai	1244
16	32	Thai	1246
16	32	Thai	1250
16	32	Thai	1257
16	32	Thai	1272
16	32	Thai	1277
17	33	Thai	8
17	33	Thai	1254
18	34	Thai	284
18	34	Thai	488
19	35	Akha	1
19	35	Lahu	30
19	35	Akha	73
19	35	Akha	82
19	35	Akha	83
19	35	Akha	84
19	35	Akha	133
19	35	Akha	145
19	35	Akha	162
19	35	Akha	178
19	35	Lisu	180
19	35	Burmese	183
19	35	Akha	204
19	35	Akha	205
19	35	Akha	213
19	35	Akha	231
19	35	Akha	242
19	35	Akha	246
19	35	Akha	247
19	35	Akha	248
19	35	Akha	267
19	35	Akha	268
19	35	Akha	282
19	35	Akha	307
19	35	Akha	308
19	35	Akha	335
19	35	Akha	336
19	35	Akha	346
19	35	Akha	347
19	35	Akha	362
19	35	Akha	376
19	35	Akha	392
19	35	Akha	419
19	35	Akha	421
19	35	Lahu	433
19	35	Akha	443
19	35	Thai	460
19	35	Akha	526
19	35	Akha	534
19	35	TaiLue_TaiYai	538
19	35	Akha	552
19	35	Akha	553
19	35	Akha	554
19	35	Akha	558
19	35	Thai	561
19	35	Akha	564
19	35	Akha	565
20	37	Akha	521
20	37	Thai	576
20	37	Thai	598
20	37	Akha	679
20	37	Lahu	754
21	38	Khmu	16
21	38	Khmu	17
21	38	Khmu	323
21	38	Khmu	386
21	38	Thai	388
21	38	Khmu	462
21	38	Thai	532
21	38	Lao	600
21	38	Lao	660
21	38	Lao	662
21	38	Lao	725
21	38	Khmu	726
21	38	Lao	728
21	38	missing	800
21	38	Lao	844
21	38	Lao	855
21	38	Thai	906
21	38	Lao	945
21	38	Khmu	958
21	38	Thai	989
21	38	Thai	1041
21	38	Thai	1113
22	39	Thai	1018
23	40	Burmese	590
23	40	Thai	698
23	40	Burmese	784
23	40	Lao	948
24	42	Lisu	705
24	42	Lisu	750
25	43	Thai	131
25	43	Akha	484
25	43	Karen	676
26	45	Lahu	700
27	46	Lahu	203
27	46	Lahu	1058
28	49	Akha	694
28	49	Akha	746
29	50	Akha	616
29	50	Akha	620
29	50	Akha	775
29	50	Akha	780
29	50	Akha	1013
30	52	Thai	926
30	52	Thai	1215
31	53	Khmu	397
31	53	Thai	586
31	53	Akha	633
31	53	Burmese	779
31	53	Khmu	868
31	53	Khmu	883
31	53	Khmu	1255
32	54	Thai	251
32	54	TaiLue_TaiYai	512
32	54	TaiLue_TaiYai	525
32	54	TaiLue	612
32	54	Lahu	667
32	54	Burmese	677
32	54	TaiLue	774
32	54	missing	837
32	54	TaiLue	845
32	54	Akha	865
32	54	TaiLue	866
32	54	Lahu	879
33	58	Lahu	125
33	58	Lahu	483
34	59	Akha	710
34	59	Thai	723
34	59	Akha	747
34	59	Akha	748
34	59	Burmese	758
34	59	Akha	901
34	59	missing	1011
34	59	Akha	1063
35	60	Akha	581
35	60	Thai	584
35	60	Akha	594
35	60	Akha	595
35	60	Akha	597
35	60	Akha	613
35	60	Akha	617
35	60	Akha	619
35	60	Akha	628
35	60	Akha	631
35	60	Akha	640
35	60	Akha	648
35	60	Akha	651
35	60	Akha	668
35	60	Akha	675
35	60	Akha	688
35	60	Akha	691
35	60	Akha	693
35	60	Akha	697
35	60	Akha	701
35	60	Akha	703
35	60	Akha	704
35	60	Akha	706
35	60	Thai	711
35	60	Akha	714
35	60	Akha	719
35	60	Akha	724
35	60	Thai	734
35	60	Burmese	736
35	60	Akha	738
35	60	Akha	743
35	60	Akha	745
35	60	Akha	749
35	60	Akha	751
35	60	Akha	755
35	60	Akha	768
35	60	Akha	782
35	60	Thai	783
35	60	Lahu	786
35	60	Akha	793
35	60	Akha	795
35	60	Akha	804
35	60	Akha	807
35	60	Akha	810
35	60	Akha	814
35	60	Akha	817
35	60	Thai	819
35	60	missing	832
35	60	Akha	833
35	60	Burmese	834
35	60	Akha	849
35	60	Akha	850
35	60	Akha	869
35	60	Akha	873
35	60	Akha	888
35	60	Akha	890
35	60	Akha	902
35	60	missing	911
35	60	Akha	915
35	60	Akha	924
35	60	Akha	927
35	60	Akha	929
35	60	Akha	940
35	60	Akha	944
35	60	Akha	955
35	60	Akha	978
35	60	Akha	990
35	60	Akha	1006
35	60	Akha	1016
35	60	Akha	1026
35	60	Thai	1043
35	60	Akha	1046
35	60	Akha	1047
35	60	Akha	1083
35	60	Akha	1129
35	60	Thai	1142
35	60	Akha	1158
35	60	Thai	1224
36	62	Lisu	1222
37	63	TaiLue_TaiYai	212
37	63	Thai	986
38	64	Khmu	163
38	64	Thai	174
38	64	Thai	276
38	64	Burmese	737
38	64	Khmu	766
38	64	Khmu	769
38	64	Khmu	1044
38	64	Khmu	1184
38	64	TaiLue	1251
39	65	Lahu	112
39	65	Lahu	485
40	66	Lahu	12
40	66	Lahu	31
40	66	Lahu	46
40	66	Lahu	55
40	66	Lahu	108
40	66	Lahu	130
40	66	Lahu	190
40	66	Lahu	195
40	66	Lahu	310
40	66	Lahu	327
40	66	Lahu	394
40	66	Lahu	406
40	66	Lahu	428
40	66	Lahu	490
40	66	Lahu	492
40	66	Lahu	527
40	66	Lahu	546
41	67	Lisu	107
41	67	Lahu	185
41	67	Akha	214
41	67	Lisu	330
41	67	Lahu	338
41	67	Thai	545
41	67	Lahu	573
41	67	Lahu	615
41	67	Lisu	685
41	67	Lahu	686
41	67	Akha	699
41	67	Thai	818
41	67	Lahu	874
41	67	Burmese	971
41	67	Lahu	1065
41	67	Lahu	1078
42	68	Chinese	62
42	68	Lahu	81
42	68	Karen	121
42	68	Lisu	217
42	68	Lahu	350
42	68	Lahu	401
42	68	Lahu	478
42	68	Lisu	514
42	68	Lahu	517
43	69	Lahu	45
43	69	Lahu	230
43	69	Lahu	283
44	70	Akha	7
44	70	Thai	395
44	70	Akha	436
44	70	Akha	440
44	70	Hmong	477
44	70	Lahu	713
44	70	Akha	765
44	70	Yao	941
44	70	Akha	1003
44	70	missing	1033
44	70	Akha	1039
44	70	Akha	1121
45	71	Lisu	13
45	71	Chinese	182
45	71	Chinese	198
45	71	Akha	199
45	71	Lisu	254
45	71	Thai	272
45	71	Chinese	274
45	71	Thai	407
45	71	Lahu	482
45	71	Akha	486
45	71	Chinese	524
45	71	Lahu	605
45	71	missing	626
45	71	Thai	654
45	71	Yao	655
45	71	Yao	739
45	71	Thai	759
45	71	Thai	827
45	71	ChineseHaw	859
45	71	ChineseHaw	862
45	71	Yao	877
45	71	ChineseHaw	894
45	71	Thai	952
45	71	Akha	973
45	71	ChineseHaw	1062
45	71	Thai	1124
45	71	Thai	1197
46	72	Burmese	664
46	72	TaiLue	695
46	72	Burmese	781
46	72	Burmese	802
46	72	Burmese	813
46	72	missing	835
46	72	Burmese	839
46	72	Burmese	875
46	72	Thai	885
46	72	Burmese	895
46	72	missing	908
46	72	Burmese	946
46	72	Thai	1239
